2312 450 2326 467 29 0.420321 
481 70 562 116 7 0.730305 
1745 426 1771 490 0 0.997137 
2318 416 2343 475 0 0.996937 
2708 512 2735 567 0 0.991511 
364 230 385 269 0 0.987795 
1852 459 1868 503 0 0.985427 
2868 250 2890 285 0 0.98187 
1958 136 1972 166 0 0.979066 
1566 112 1577 138 0 0.977401 
1782 193 1796 231 0 0.975614 
1359 454 1380 503 0 0.967915 
2734 537 2760 571 0 0.961653 
1720 138 1731 169 0 0.960112 
1509 516 1541 570 0 0.951985 
1996 196 2007 230 0 0.950653 
1808 128 1821 158 0 0.945343 
1705 112 1715 140 0 0.942915 
1830 105 1841 131 0 0.940839 
1836 138 1848 168 0 0.938712 
1764 114 1774 143 0 0.934468 
2047 176 2060 211 0 0.92143 
904 46 919 69 0 0.913958 
3066 313 3093 363 0 0.8931 
1944 111 1954 137 0 0.873368 
1491 130 1504 160 0 0.845841 
2767 210 2794 258 0 0.826672 
1086 146 1103 180 0 0.810395 
1906 131 1915 161 0 0.809184 
1901 92 1911 111 0 0.781684 
1670 551 1697 573 0 0.772308 
1513 92 1522 108 0 0.76629 
236 252 257 280 0 0.749964 
1531 75 1544 97 0 0.741623 
1682 97 1690 114 0 0.726187 
1923 548 1943 568 0 0.697039 
1727 81 1740 105 0 0.688687 
1233 545 1253 570 0 0.672076 
2624 130 2638 151 0 0.654232 
2311 155 2324 187 0 0.650841 
1353 546 1376 571 0 0.64521 
2892 263 2923 293 0 0.609473 
1808 84 1816 101 0 0.607078 
2278 59 2289 82 0 0.554923 
727 17 771 35 2 0.902241 
2027 486 2670 572 2 0.390905 
2004 482 2629 574 5 0.334333 
