2312 450 2326 467 29 0.327865 
481 69 563 116 7 0.775441 
1745 426 1770 491 0 0.998037 
2318 416 2343 476 0 0.997507 
1854 461 1869 502 0 0.988082 
2709 513 2736 566 0 0.985088 
364 230 385 269 0 0.981452 
1566 112 1577 138 0 0.979507 
1782 193 1796 231 0 0.978015 
1719 138 1731 169 0 0.973122 
1509 515 1541 570 0 0.972682 
1359 454 1381 504 0 0.970026 
2868 250 2890 284 0 0.964774 
1705 112 1715 140 0 0.961478 
1958 137 1973 165 0 0.959612 
1836 138 1848 168 0 0.953218 
904 46 918 69 0 0.944041 
1761 114 1772 144 0 0.942731 
1808 128 1821 157 0 0.93977 
1831 105 1843 131 0 0.939306 
2047 176 2060 211 0 0.935605 
2732 536 2758 572 0 0.929682 
1995 196 2007 230 0 0.918413 
3066 313 3093 362 0 0.910711 
1945 111 1955 138 0 0.885978 
1086 146 1103 179 0 0.846524 
1906 131 1915 161 0 0.840534 
1513 92 1522 109 0 0.840213 
1491 130 1503 161 0 0.827637 
2768 210 2795 258 0 0.815086 
1670 550 1697 572 0 0.787371 
1531 75 1544 97 0 0.774099 
1233 545 1254 570 0 0.767535 
1901 92 1911 110 0 0.72494 
1922 548 1942 568 0 0.71852 
2623 130 2637 151 0 0.697711 
236 252 257 280 0 0.674448 
409 214 428 247 0 0.670635 
1353 545 1376 570 0 0.666692 
1682 97 1690 113 0 0.642578 
2278 59 2289 82 0 0.606803 
2893 263 2924 293 0 0.584625 
1808 84 1817 101 0 0.538798 
1729 85 1739 102 0 0.507763 
1302 551 1327 572 0 0.500665 
727 17 770 34 2 0.937633 
2006 482 2627 575 2 0.305967 
