480 68 563 116 7 0.730728 
1745 426 1770 491 0 0.998121 
2318 416 2343 477 0 0.997368 
1857 463 1875 504 0 0.99582 
1361 454 1384 503 0 0.992822 
1704 111 1715 138 0 0.985892 
1759 114 1771 143 0 0.985208 
1718 137 1731 169 0 0.984415 
1566 112 1578 139 0 0.983422 
1992 197 2004 231 0 0.982233 
1492 130 1504 161 0 0.974536 
1508 515 1541 569 0 0.973138 
1835 138 1848 168 0 0.969532 
1782 194 1796 231 0 0.965714 
1957 141 1971 167 0 0.962492 
2708 512 2740 566 0 0.948074 
368 228 387 266 0 0.945064 
2047 177 2059 210 0 0.944899 
2870 251 2892 287 0 0.944321 
1832 106 1846 130 0 0.921091 
1808 129 1820 157 0 0.909978 
904 46 919 68 0 0.894023 
1906 131 1915 160 0 0.860789 
3066 313 3093 363 0 0.846387 
1512 92 1521 109 0 0.840888 
2767 209 2795 259 0 0.818361 
1681 95 1688 109 0 0.77854 
1232 545 1253 570 0 0.774032 
1670 551 1697 573 0 0.74741 
1898 92 1907 110 0 0.73142 
1532 75 1542 98 0 0.706551 
1809 85 1817 102 0 0.699839 
1922 548 1942 568 0 0.689264 
1946 112 1955 139 0 0.683367 
1354 546 1376 571 0 0.657465 
414 210 442 259 0 0.637796 
2623 130 2638 151 0 0.629551 
1278 554 1304 571 0 0.557108 
1303 551 1329 572 0 0.541962 
1158 549 1182 569 0 0.502241 
727 17 770 35 2 0.90729 
2011 481 2624 575 2 0.379891 
