2754 225 2787 260 1 0.514365 
481 69 563 116 7 0.568048 
1745 426 1770 491 0 0.99814 
2318 416 2343 476 0 0.996175 
1566 112 1578 139 0 0.98638 
1704 111 1714 139 0 0.985411 
1361 454 1383 504 0 0.985293 
1718 137 1731 169 0 0.981576 
1854 463 1870 503 0 0.97965 
1760 114 1772 144 0 0.979289 
1508 514 1541 570 0 0.977343 
2708 512 2738 566 0 0.976923 
1782 193 1796 231 0 0.971606 
1992 196 2004 232 0 0.963356 
1808 128 1820 157 0 0.960943 
1835 138 1848 167 0 0.956995 
2047 176 2059 210 0 0.95493 
1957 140 1971 167 0 0.943759 
1492 130 1503 162 0 0.940211 
1831 105 1844 130 0 0.936407 
2870 251 2893 288 0 0.919643 
904 46 919 68 0 0.915515 
365 229 385 269 0 0.913853 
1512 91 1521 109 0 0.910498 
3066 313 3093 362 0 0.905101 
1906 131 1915 160 0 0.879231 
1945 111 1955 138 0 0.854487 
1531 75 1544 97 0 0.849068 
2767 209 2795 258 0 0.817065 
2731 540 2752 570 0 0.783436 
1086 147 1100 179 0 0.781424 
1681 95 1688 110 0 0.757864 
1233 545 1254 570 0 0.756692 
1670 550 1697 572 0 0.730514 
236 253 256 280 0 0.648693 
1923 548 1943 568 0 0.662125 
1809 85 1817 102 0 0.657945 
1353 546 1376 571 0 0.65034 
2623 130 2638 151 0 0.647171 
412 211 442 259 0 0.597941 
1278 554 1304 571 0 0.565873 
1899 91 1908 109 0 0.546863 
2893 263 2924 293 0 0.533835 
1730 85 1739 102 0 0.517431 
1302 551 1328 572 0 0.510993 
727 17 770 34 2 0.947483 
2027 487 2673 573 2 0.50354 
2010 484 2623 574 5 0.360849 
