727 17 769 35 2 0.909701 
1496 445 1522 510 0 0.997763 
1847 418 1872 475 0 0.996708 
1598 209 1612 249 0 0.995943 
1116 435 1141 498 0 0.993585 
751 320 782 374 0 0.993402 
2257 194 2274 231 0 0.992846 
1178 178 1194 213 0 0.992622 
1516 522 1543 569 0 0.992488 
1055 381 1083 439 0 0.991439 
1790 356 1807 408 0 0.988446 
1787 433 1811 497 0 0.985279 
1223 272 1237 314 0 0.98448 
1742 223 1758 264 0 0.98424 
711 415 739 476 0 0.984027 
375 224 396 262 0 0.98335 
1024 225 1041 269 0 0.980727 
1595 162 1608 197 0 0.980205 
1136 352 1162 399 0 0.97957 
1285 277 1303 321 0 0.979303 
1371 257 1390 299 0 0.978137 
1113 241 1129 282 0 0.975083 
1151 175 1167 212 0 0.947315 
549 348 574 398 0 0.939694 
419 224 438 259 0 0.93904 
1732 307 1754 357 0 0.916947 
2788 212 2804 250 0 0.910743 
1592 346 1611 392 0 0.893845 
2760 217 2791 256 0 0.882894 
1621 363 1649 410 0 0.875326 
25 436 57 483 0 0.860319 
3064 314 3090 362 0 0.854122 
1182 350 1207 396 0 0.852058 
1670 551 1696 572 0 0.844784 
762 23 773 44 0 0.765972 
613 224 631 254 0 0.759578 
2330 530 2353 570 0 0.754144 
1635 163 1647 194 0 0.736221 
2623 129 2638 150 0 0.712564 
1697 550 1722 573 0 0.593584 
1894 553 1920 571 0 0.589795 
2744 515 2774 569 0 0.358158 
879 74 892 99 0 0.552159 
426 220 446 258 0 0.550678 
