480 69 563 116 7 0.709932 
1745 426 1770 491 0 0.998064 
2318 416 2343 476 0 0.996578 
1857 462 1875 504 0 0.99185 
1361 454 1382 503 0 0.986288 
1704 111 1715 139 0 0.985251 
1566 112 1578 139 0 0.983926 
1718 137 1732 168 0 0.9836 
1760 114 1772 144 0 0.97951 
1508 515 1541 569 0 0.978759 
1992 196 2004 230 0 0.972749 
1492 131 1504 162 0 0.970285 
2707 511 2739 567 0 0.963772 
1957 140 1971 166 0 0.963098 
1835 138 1848 168 0 0.962512 
1782 194 1796 231 0 0.939721 
2047 176 2059 210 0 0.938396 
1808 128 1820 157 0 0.934659 
2870 251 2892 288 0 0.932337 
904 46 919 68 0 0.924044 
1831 106 1845 131 0 0.920203 
368 228 388 265 0 0.907741 
3066 313 3093 362 0 0.898132 
1906 131 1915 160 0 0.879509 
1512 92 1521 109 0 0.873528 
2766 209 2794 258 0 0.844983 
1946 111 1956 138 0 0.780543 
1809 85 1817 102 0 0.766084 
1670 551 1696 573 0 0.756667 
1233 545 1254 570 0 0.725243 
1086 147 1099 179 0 0.693526 
1532 75 1542 98 0 0.69262 
1681 95 1688 110 0 0.689692 
1922 548 1942 568 0 0.672779 
1899 91 1907 110 0 0.663893 
1354 546 1376 571 0 0.65414 
2730 540 2751 570 0 0.634271 
2623 130 2638 151 0 0.622512 
236 252 256 280 0 0.543723 
1302 551 1328 572 0 0.536529 
1278 554 1304 571 0 0.523568 
1730 90 1739 105 0 0.517701 
727 17 771 35 2 0.945116 
2010 481 2623 575 2 0.321913 
