2312 451 2325 467 29 0.21338 
480 69 563 115 7 0.773355 
1745 426 1770 491 0 0.998153 
2318 416 2342 476 0 0.996542 
2708 513 2737 565 0 0.988804 
1360 454 1382 504 0 0.988211 
1854 462 1868 503 0 0.981726 
1719 138 1731 169 0 0.980656 
1508 515 1540 570 0 0.979292 
1705 112 1715 140 0 0.977641 
1566 112 1578 138 0 0.977018 
1782 194 1796 232 0 0.969488 
1836 138 1849 168 0 0.954206 
1760 113 1772 142 0 0.95182 
1958 139 1972 168 0 0.949226 
1808 128 1821 157 0 0.947422 
363 229 385 269 0 0.942003 
2868 251 2890 285 0 0.939846 
2047 175 2059 211 0 0.936219 
904 46 919 69 0 0.932511 
2731 538 2754 570 0 0.932045 
1491 130 1504 160 0 0.920924 
1831 105 1844 130 0 0.906603 
3066 313 3093 363 0 0.902844 
1945 111 1955 138 0 0.901531 
1992 197 2005 232 0 0.896799 
1086 147 1101 179 0 0.887696 
1906 131 1915 160 0 0.861953 
1513 92 1522 110 0 0.858022 
2767 210 2794 258 0 0.804009 
1531 75 1544 97 0 0.781613 
1233 545 1254 570 0 0.749591 
1353 546 1376 571 0 0.740143 
1670 550 1697 572 0 0.724051 
1922 548 1942 568 0 0.703526 
412 212 441 258 0 0.648543 
2623 130 2638 151 0 0.647156 
410 213 430 245 0 0.642241 
1727 81 1740 105 0 0.634591 
1901 92 1910 109 0 0.630862 
1808 85 1816 102 0 0.599541 
1681 97 1689 113 0 0.594513 
2311 155 2324 187 0 0.571138 
2893 263 2924 293 0 0.570928 
236 252 257 280 0 0.539987 
1278 554 1304 571 0 0.517088 
727 17 770 35 2 0.941 
2026 487 2671 572 2 0.472312 
2007 484 2625 574 5 0.348987 
