481 68 564 115 7 0.6783 
1745 426 1769 490 0 0.99802 
2318 416 2343 476 0 0.997535 
1857 464 1877 505 0 0.99519 
1362 454 1384 505 0 0.994978 
1566 112 1578 139 0 0.987186 
1991 197 2003 230 0 0.985255 
367 230 389 268 0 0.984873 
1718 137 1731 169 0 0.984735 
1759 114 1771 143 0 0.984296 
1492 131 1504 163 0 0.983968 
1508 515 1541 569 0 0.978167 
2046 177 2059 209 0 0.973044 
1836 138 1849 168 0 0.968275 
1957 141 1971 167 0 0.958656 
1703 110 1714 136 0 0.947769 
1782 193 1797 231 0 0.94375 
2871 251 2893 286 0 0.920005 
1809 131 1820 159 0 0.91736 
2705 512 2741 566 0 0.906467 
1906 131 1915 160 0 0.885293 
3066 312 3093 363 0 0.87535 
1835 106 1848 131 0 0.842494 
1512 91 1521 110 0 0.837427 
1532 74 1542 97 0 0.805848 
1670 551 1697 573 0 0.778205 
906 46 920 68 0 0.761853 
1233 545 1253 570 0 0.744022 
2767 209 2795 258 0 0.732853 
1946 112 1955 140 0 0.727788 
1680 97 1688 113 0 0.718355 
1922 548 1942 568 0 0.70897 
1897 92 1906 111 0 0.693082 
1084 149 1096 178 0 0.67408 
1278 554 1303 570 0 0.666103 
1353 546 1376 571 0 0.664425 
236 251 256 280 0 0.638446 
1731 82 1743 106 0 0.634293 
2623 130 2637 152 0 0.565691 
1809 85 1818 101 0 0.558325 
1302 551 1328 572 0 0.543852 
2278 59 2289 81 0 0.503019 
727 17 770 35 2 0.921881 
2009 483 2624 576 2 0.355823 
