480 69 563 116 7 0.74058 
1745 426 1768 490 0 0.997994 
2318 416 2343 476 0 0.997143 
1857 463 1876 504 0 0.996192 
1362 454 1384 504 0 0.994321 
1566 112 1578 139 0 0.985776 
1759 114 1771 143 0 0.985094 
1718 137 1731 169 0 0.983704 
1991 196 2003 230 0 0.983174 
1508 515 1541 569 0 0.978175 
1492 131 1504 162 0 0.969927 
2046 177 2059 210 0 0.969579 
367 230 388 268 0 0.966771 
1957 141 1971 167 0 0.964099 
1703 110 1714 137 0 0.963527 
1836 138 1849 168 0 0.960179 
1782 194 1796 231 0 0.954479 
2706 512 2740 566 0 0.927001 
1808 129 1819 157 0 0.918463 
2871 252 2893 287 0 0.916651 
904 46 918 68 0 0.874275 
3066 313 3092 363 0 0.873811 
1832 106 1846 131 0 0.858639 
1906 131 1915 160 0 0.851804 
1511 92 1520 109 0 0.850901 
1946 111 1955 138 0 0.814445 
1681 95 1688 110 0 0.783485 
1670 551 1697 573 0 0.762004 
2767 209 2794 258 0 0.752173 
1233 545 1253 570 0 0.723564 
2623 130 2637 152 0 0.715724 
1532 75 1545 97 0 0.709831 
1922 548 1942 568 0 0.699349 
1354 546 1376 571 0 0.691811 
1085 148 1098 177 0 0.680901 
1897 92 1907 112 0 0.658786 
1278 553 1304 570 0 0.650781 
1809 84 1818 101 0 0.619006 
1731 82 1742 107 0 0.598311 
1302 551 1328 572 0 0.588721 
415 210 443 259 0 0.537258 
1158 549 1182 568 0 0.528879 
727 17 771 34 2 0.922026 
2007 482 2623 576 2 0.338843 
